function r1e= r1e(no)
r1e=-125.6*no^5 + 299.4*no^4 - 278.0*no^3 + 126.3*no^2 - 28.52*no + 3.674;
end