function r2i = r2i(no)
r2i= 9.133*no^4 - 16.61*no^3 + 11.34*no^2 - 3.707*no + 0.974;

end